[[-0.        ,  0.        ],
[-0.00516091,  0.00868305],
[ 0.00728493,  0.01884281],
[ 0.01681935,  0.02520681],
[ 0.03132465,  0.02551965],
[ 0.04953345,  0.00985888],
[-0.01125453,  0.05955191],
[ 0.06971777,  0.01178653],
[ 0.07475761,  0.03067972],
[ 0.07368058,  0.05325068],
[ 0.08355785,  0.05675497],
[ 0.10513385, -0.03595209],
[ 0.1201585 ,  0.01594718],
[ 0.1085376 ,  0.07391027],
[ 0.12504202, -0.06604887],
[ 0.15077322,  0.01497593],
[ 0.1612846 , -0.01034702],
[ 0.16507947, -0.04728167],
[ 0.15479067, -0.09538187],
[ 0.08224893, -0.17340153],
[ 0.15544728, -0.12902831],
[ 0.18026233, -0.11180743],
[ 0.06351331, -0.21295252],
[ 0.1836439 , -0.14229899],
[ 0.20333132, -0.13200715],
[ 0.21943362, -0.12497156],
[ 0.22270661, -0.13919167],
[ 0.27023173, -0.03681   ],
[-0.14273458, -0.24416936],
[ 0.15684311, -0.24740212],
[ 0.12581543, -0.27567706],
[-0.05828905, -0.30765826],
[-0.19929391, -0.25448197],
[-0.16527395, -0.28947475],
[-0.24876785, -0.23677353],
[ 0.17294213, -0.30834764],
[-0.12363592, -0.34197305],
[-0.08893922, -0.36300061],
[-0.38358177,  0.01403328],
[-0.28471337, -0.2722619 ],
[-0.21616786, -0.34135041],
[-0.40732883, -0.07480863],
[-0.31667974, -0.28230405],
[-0.41555336, -0.12637097],
[-0.37281184, -0.24195495],
[-0.45362893, -0.02885067],
[-0.45917725, -0.07108159],
[-0.29446736,  0.37238977],
[-0.4690081 ,  0.12292052],
[-0.46554511, -0.16805579],
[-0.50346718, -0.03996013],
[-0.49366671,  0.14722181],
[-0.52031011,  0.07188609],
[ 0.03447556,  0.53424231],
[-0.38733612,  0.38404608],
[-0.54919937,  0.08379755],
[-0.09528752,  0.55757299],
[-0.4167188 ,  0.39729363],
[-0.41074984,  0.41774974],
[-0.55915378,  0.2061914 ],
[-0.01920884,  0.60575612],
[ 0.30432575,  0.53576205],
[ 0.50438742,  0.37121181],
[ 0.29628457,  0.56318215],
[-0.01591099,  0.64626881],
[-0.06671935,  0.65316689],
[ 0.26252297,  0.61280187],
[ 0.58138702,  0.34641538],
[ 0.63077656, -0.27186307],
[ 0.52513759,  0.45825459],
[ 0.54602002,  0.44923393],
[ 0.67455124,  0.24354854],
[ 0.7262127 , -0.03925221],
[ 0.71365323,  0.18552385],
[ 0.74334603,  0.07845495],
[ 0.66016322,  0.37162555],
[ 0.69569832, -0.32454809],
[ 0.48454233,  0.60840529],
[ 0.78226623, -0.09387506],
[ 0.75169523, -0.26781718],
[ 0.80642069, -0.05177122],
[ 0.74945454, -0.32823678],
[-0.12784444, -0.81835704],
[ 0.70440734, -0.45464026],
[ 0.77973684, -0.33456987],
[ 0.76821386,  0.38342813],
[ 0.11382358, -0.86119746],
[ 0.25206503, -0.84186184],
[ 0.39688881, -0.79536327],
[ 0.30692816, -0.84497215],
[-0.2062092 , -0.88539485],
[-0.0644788 , -0.91692762],
[-0.64504364, -0.66895744],
[ 0.00787441, -0.93936094],
[ 0.13923375, -0.93923087],
[ 0.23816483, -0.92957083],
[-0.83688372, -0.48983451],
[-0.15289749, -0.96779463],
[-0.47895471, -0.86631541],
[-0.72878365, -0.68474403],
[-0.        , -0.        ],
[-0.00919274, -0.00418616],
[-0.01633593, -0.01188524],
[-0.02534119, -0.01661619],
[-0.03041309,  0.02659945],
[-0.04598748, -0.02087851],
[-0.02958055, -0.05289693],
[-0.05355656, -0.04616476],
[-0.07993285,  0.01186111],
[-0.09088087, -0.00226505],
[-0.09223926,  0.04116989],
[-0.11080025, -0.00830558],
[-0.1127479 ,  0.04450043],
[-0.10715634,  0.07589899],
[-0.10649079,  0.09304661],
[-0.14983936,  0.02247237],
[-0.13281305,  0.09208951],
[-0.1342082 ,  0.10712118],
[-0.14579523,  0.10863519],
[-0.12775384,  0.14321987],
[-0.09158649,  0.18006687],
[-0.14973004,  0.15025419],
[-0.17015886,  0.14292893],
[ 0.03255142,  0.2300315 ],
[-0.12535223,  0.2075002 ],
[-0.00767758,  0.25240851],
[ 0.130496  ,  0.22791083],
[ 0.12031219,  0.24475527],
[ 0.00948547,  0.28266918],
[-0.02233174,  0.29207681],
[ 0.30291562,  0.00833623],
[ 0.14438501,  0.27785642],
[ 0.03248456,  0.32159585],
[ 0.26042117,  0.20806712],
[ 0.30990135,  0.14801454],
[ 0.25781381,  0.2419076 ],
[ 0.34844646,  0.10400227],
[ 0.37331346, -0.01779565],
[ 0.23395375,  0.30429845],
[ 0.37594946,  0.11768708],
[ 0.31806297,  0.24916781],
[ 0.39439859,  0.12634423],
[ 0.38861274,  0.17018159],
[ 0.42079013, -0.10765633],
[ 0.33814225, -0.28842795],
[ 0.45352681,  0.03041384],
[ 0.46426058,  0.01893268],
[ 0.46410435, -0.09996156],
[ 0.47630753,  0.09060457],
[ 0.45383887, -0.19749755],
[ 0.41125857, -0.29315934],
[ 0.20017196, -0.4746707 ],
[ 0.10612365, -0.51442005],
[ 0.087665  , -0.52812712],
[ 0.07501662, -0.54027138],
[ 0.42054166, -0.36302436],
[ 0.07330837, -0.56088611],
[-0.4857719 , -0.30906705],
[ 0.04593886, -0.58405471],
[-0.54504747, -0.24102095],
[-0.24453823, -0.5545363 ],
[-0.33337784, -0.51818371],
[-0.49548707, -0.38301102],
[-0.45696591, -0.4428779 ],
[-0.59786979, -0.24590292],
[-0.60285193, -0.26009231],
[-0.50571048, -0.4343977 ],
[-0.56965882, -0.36538106],
[-0.65314153, -0.21259053],
[-0.5187661 , -0.46545514],
[-0.69447298,  0.13287687],
[-0.68838867, -0.20113755],
[-0.71990391,  0.10326657],
[-0.73699171, -0.02373297],
[-0.47310833,  0.57869423],
[-0.58860565,  0.4769323 ],
[-0.76172684,  0.09539307],
[-0.74904444, -0.20945334],
[-0.7838861 ,  0.07921847],
[-0.36913163,  0.70746986],
[-0.51357175,  0.62388994],
[-0.00562481,  0.81816248],
[ 0.04996462,  0.82677444],
[ 0.33004282,  0.77068748],
[-0.35614902,  0.77011974],
[-0.61544591,  0.59866185],
[ 0.36328358,  0.78907662],
[ 0.13956623,  0.86763437],
[-0.34721639,  0.81826905],
[ 0.67840795,  0.58986904],
[ 0.45383771,  0.78770401],
[ 0.01578741,  0.91905633],
[ 0.56143525,  0.74052401],
[ 0.63484944,  0.69240679],
[ 0.46252081,  0.82922564],
[ 0.84683196,  0.4513314 ],
[-0.49537071,  0.83361866],
[ 0.85411195,  0.48010089],
[ 0.90722356, -0.39603716],
[ 0.86309705,  0.50503809],
[ 0.        , -0.        ],
[ 0.00922752,  0.00410892],
[ 0.01645598,  0.01171846],
[ 0.0231111 ,  0.01959976],
[ 0.03490314, -0.02035331],
[ 0.02831638,  0.04182036],
[ 0.05192212,  0.03126001],
[ 0.06045781, -0.03666529],
[ 0.07971052,  0.01327322],
[ 0.06569038, -0.06284296],
[-0.00371018, -0.10094194],
[ 0.11092219, -0.00647656],
[ 0.12114933, -0.00390097],
[ 0.04463725, -0.12349354],
[ 0.06735709, -0.1243422 ],
[ 0.0528691 , -0.1419919 ],
[-0.00600427, -0.16150459],
[ 0.03318843, -0.16847942],
[-0.12869625, -0.12843336],
[ 0.12255906, -0.14768972],
[ 0.05404392, -0.19465718],
[-0.1177781 , -0.17641918],
[-0.21877417, -0.0389946 ],
[-0.09663425, -0.21127211],
[-0.14326284, -0.19556399],
[-0.08447668, -0.23797624],
[-0.17153533, -0.19886726],
[-0.093675  , -0.25613504],
[-0.12778305, -0.25231593],
[-0.29080132, -0.03524433],
[-0.23068156, -0.19650288],
[-0.29478504,  0.10560775],
[-0.30168081, -0.11605096],
[-0.23167059, -0.23966612],
[-0.26215623, -0.22185865],
[-0.35237645,  0.02860215],
[-0.32389886,  0.16529045],
[-0.32080747,  0.1917347 ],
[-0.26767714,  0.27510154],
[-0.39387547,  0.00709626],
[-0.40363787, -0.01803096],
[-0.32473301,  0.25702447],
[ 0.03790391,  0.42254577],
[-0.00695952,  0.43428767],
[-0.38627038,  0.21983188],
[-0.03914569,  0.45285669],
[-0.27401478,  0.37524956],
[ 0.14070654,  0.45341684],
[-0.35481348,  0.33043222],
[-0.19176137,  0.45629221],
[ 0.25438698,  0.4363064 ],
[ 0.36532562,  0.36320555],
[-0.21159403,  0.48074752],
[ 0.20276423,  0.49546955],
[ 0.22734986,  0.49581519],
[ 0.19267147,  0.5210755 ],
[ 0.06161658,  0.56229063],
[ 0.52486292,  0.23667636],
[ 0.35655418,  0.46486493],
[ 0.51908575,  0.29277606],
[ 0.56527142,  0.21858105],
[ 0.2763554 ,  0.5507112 ],
[ 0.62248845,  0.06865134],
[ 0.5422938 ,  0.33298064],
[ 0.37626268,  0.52568331],
[ 0.45381724, -0.47447695],
[ 0.65221601,  0.13805331],
[ 0.6566413 ,  0.16381908],
[ 0.49538035, -0.47580133],
[ 0.55523354, -0.42128669],
[ 0.69779326, -0.11416458],
[ 0.28914718, -0.65629961],
[ 0.71695902, -0.12204663],
[ 0.70357928, -0.2206722 ],
[ 0.34530931, -0.66293286],
[ 0.17056641, -0.73812474],
[ 0.56126234, -0.52374823],
[ 0.37169583, -0.68321335],
[ 0.16243502, -0.77095256],
[ 0.36114304, -0.71158096],
[-0.66644842, -0.45699135],
[ 0.34674865, -0.74107143],
[-0.10999504, -0.82094673],
[-0.11606417, -0.83031113],
[-0.12305472, -0.83951419],
[ 0.37216708, -0.77373209],
[-0.67625132, -0.54525317],
[-0.41026373, -0.77714336],
[-0.67154434, -0.58236729],
[-0.30623357, -0.84522414],
[-0.2734509 , -0.86698955],
[-0.83133142, -0.39217579],
[-0.85507925, -0.36390222],
[-0.83270549, -0.43481323],
[-0.62415482, -0.71552178],
[-0.82314864, -0.49320455],
[-0.90487331, -0.34859218],
[-0.96736649, -0.15558329],
[-0.85245484,  0.50321045],
[-0.76155115,  0.64810482]]